0.015126 63
103.720187 1
0.134759 1
0.943042 1
0.263965 1
0.329722 1
13.972256 1
0.158280 1
2.075870 1
0.154966 1
0.435224 1
1.104621 1
0.232951 1
0.319030 1
1.118247 1
11.710099 1
0.272759 1
0.185355 1
0.183348 1
0.187977 1
0.996463 3
0.701697 13
0.568680 9
0.579453 3
0.161703 3
0.167403 3
0.154379 3
0.915142 1
1.423838 1
0.122230 1
0.176738 1
0.916721 2
0.047318 74
0.000392 56
0.000673 455
0.000172 30
7.287561 36
0.000264 18
0.196464 6
0.000066 1
0.000091 12
0.142963 6
0.000142 13
1.126665 19
0.431927 19
0.217749 19
10.511312 6
0.000026 17
1.274993 6
0.000013 13
0.117108 19
0.527389 6
0.000151 13
0.238775 19
0.300534 19
0.319389 19
9.027403 6
0.000171 17
1.458765 19
0.261671 19
0.354316 19
0.169133 19
0.433443 19
0.296856 6
0.000131 13
1.123006 6
0.000010 13
4.650594 19
0.699688 6
0.000145 17
5.620156 19
0.256699 19
0.344324 34
0.321166 6
0.000106 13
0.456120 19
0.146581 19
0.091334 6
0.000081 13
12.627147 6
0.000101 17
0.396439 19
0.176724 19
0.344486 19
0.697310 19
0.638198 6
0.000072 13
0.307265 19
0.249845 19
1.280313 19
0.645967 19
0.629279 19
22.575792 23
0.950279 19
0.201910 19
0.203196 19
0.511780 19
0.929697 19
0.200981 6
0.000125 13
0.487940 19
0.161762 19
0.492288 21
0.699944 19
16.074400 6
0.000195 17
1.723659 19
0.561356 19
5.907965 19
1.138932 6
0.000148 13
0.154288 19
0.237156 19
0.677139 19
15.992626 6
0.000141 18
0.978343 19
0.348729 6
0.000167 13
0.703735 19
5.828885 19
0.244636 6
0.000082 13
12.317431 206
1.920686 6
0.000136 373
3.524914 143
0.000130 63
21.861745 18
1.040475 1
0.174382 1
0.154756 1
0.162562 1
0.780270 13
0.524673 9
0.887232 2
0.014615 74
0.000287 56
0.000770 455
0.000170 30
6.553235 36
0.000222 18
0.857285 22
0.216771 19
0.486379 19
0.185382 19
0.411400 19
0.234427 19
0.314640 19
0.344519 19
0.271301 19
6.272792 6
0.000186 17
0.823591 19
0.192549 19
0.226671 19
0.660515 6
0.000073 1
0.000040 12
0.690696 19
0.190838 6
0.000119 13
0.491074 19
0.599503 6
0.000077 17
12.242552 19
0.285593 19
0.288331 6
0.000142 13
0.538577 19
0.211360 19
1.086664 19
0.602567 6
0.000058 28
0.183377 19
0.334720 19
0.271265 19
5.751680 23
0.783194 6
0.000130 13
0.212643 19
0.536099 19
1.031144 19
0.147560 19
0.442536 21
0.177236 6
0.000157 13
8.502239 6
0.000159 17
0.358292 19
0.226520 19
0.889390 6
0.000136 15
0.811327 19
0.416705 19
0.531707 6
0.000101 13
1.128870 19
0.266707 19
0.217597 6
0.000123 13
0.345289 19
12.591336 6
0.000169 17
0.892656 6
0.000119 13
0.483820 19
0.730853 19
0.334647 6
0.000047 13
0.557814 19
0.169951 6
0.000185 13
0.296165 19
5.659954 19
0.222536 19
0.509930 6
0.000185 13
0.341461 19
0.195038 6
0.000021 13
37.535941 206
2.298750 379
1.556325 143
0.000232 63
1.873897 1
0.253978 1
2.121995 4
0.174027 4
0.182117 1
0.493189 18
0.229386 1
0.510203 1
0.032650 1
0.044747 1
0.030817 1
0.046440 1
0.015979 1
0.029220 1
0.030723 1
0.031388 1
0.044659 1
0.030819 1
0.031138 1
0.030424 1
0.433792 1
0.723952 3
0.617584 33
0.150793 33
0.155781 33
0.164316 33
0.706860 29
0.187740 29
0.477626 29
2.112022 3
0.511539 3
0.031160 3
0.029887 3
0.031009 3
0.031046 3
0.030773 3
0.059837 3
0.045500 3
1.091142 12
0.905609 9
0.746237 2
0.001023 73
0.000293 63
36.528979 1
0.342702 1
0.821247 1
0.427135 2
41.422278 1
0.232626 1
0.709747 1
0.270754 1
0.257344 1
0.311474 1
0.380508 1
2.649288 7
3.095915 4
2.631928 63
58.862459 1
0.294974 1
1.122429 1
0.469960 1
1.498486 1
0.220701 1
0.291471 1
8.522344 4
0.236254 4
0.738939 1
0.538742 1
0.581616 1
0.602567 1
1.639304 1
8.281282 1
0.678843 1
0.810771 1
16.315267 1
0.981601 1
0.277145 1
0.919614 1
2.484380 1
1.938963 2
6.297886 1
0.180432 1
0.171501 1
1.023726 1
0.712376 1
0.216872 1
0.370622 1
1.094778 2
0.000113 9
15.993513 63
76.991168 1
0.793258 1
0.469751 1
0.365910 1
9.921941 1
0.164250 1
2.030786 1
0.398522 1
0.151750 1
2.809995 1
0.178076 1
0.295980 1
0.966764 1
1.410554 1
0.505802 1
0.310313 1
0.131874 1
0.550798 1
1.263343 1
0.697305 1
27.924848 9
1.232172 1
9.544077 1
0.310057 1
1.126879 1
0.455534 1
0.837241 4
0.219698 1
0.285220 1
0.241536 1
0.166635 1
12.752557 2
0.000957 63
2.748699 37
0.393408 1
0.509230 1
0.032815 1
0.045637 1
0.031032 1
0.017375 1
0.028949 1
0.030687 1
0.392475 1
0.434313 1
0.503212 1
0.033319 1
0.029874 1
0.060762 1
0.162993 1
0.338102 1
0.423174 1
0.661870 39
0.156312 39
0.174638 39
0.269031 39
0.219552 39
0.173997 39
0.153670 39
0.171041 39
0.129094 39
0.199408 39
0.182930 39
0.187826 39
0.169737 39
0.196521 39
0.375731 39
0.294118 37
14.965580 2
0.000831 73
0.000291 63
4.900455 21
0.484129 30
0.914993 1
0.500580 1
0.030169 1
0.030927 1
0.031032 1
0.045113 1
0.046345 1
0.030446 1
0.015534 1
0.045499 1
0.030690 1
0.030885 1
0.031006 1
0.045906 1
0.044986 1
0.030694 1
0.030621 1
0.441315 1
0.630216 41
0.568652 39
4.371383 1
0.507797 1
0.032672 1
0.046085 1
0.015199 1
0.032170 1
0.046407 1
0.016910 1
0.030620 1
0.046289 1
0.045674 1
0.045750 1
0.030088 1
0.412288 1
0.871013 5
0.245751 5
0.361879 5
1.578834 5
0.185512 5
0.235328 5
0.169264 5
6.059028 2
0.005925 63
21.270094 1
1.080818 1
1.393978 1
0.422075 1
0.893144 1
7.890235 1
0.215747 1
1.203870 1
0.456468 1
0.165897 1
0.327467 1
1.201902 4
0.200108 1
1.144630 1
0.332118 1
0.512888 1
0.815794 1
3.561451 1
7.738155 2
0.001184 104
0.000220 63
29.545499 16
0.460453 52
0.280734 116
0.711693 131
0.460011 116
0.191619 30
0.642982 1
0.507936 1
0.030606 1
0.030234 1
0.030100 1
0.030444 1
0.030894 1
0.046918 1
0.015840 1
0.045940 1
0.031645 1
0.104935 1
0.191106 1
0.141228 1
0.149226 1
0.167255 1
0.179952 1
0.183708 1
1.159063 37
0.752542 1
0.178391 1
0.158015 1
0.169490 1
0.157101 1
0.170528 1
0.186341 1
0.829649 5
0.188625 5
0.952163 2
0.001321 63
0.857827 38
0.238462 73
0.224849 52
0.415461 116
0.359915 30
0.523030 75
1.074484 55
0.446577 33
0.716938 131
0.462018 116
0.593694 2
0.000892 135
0.000303 63
365.933197 1
0.505238 1
0.938031 1
1.944885 1
0.897627 1
0.190955 1
0.225328 1
0.281784 1
0.217185 1
0.594843 1
0.177319 1
0.828478 1
0.223916 1
1.767371 1
1.650693 1
0.220850 1
0.274236 1
0.736961 1
0.253217 1
1.160212 1
0.366952 1
0.561205 1
1.863878 1
0.200733 1
1.591808 1
0.568296 1
4.428764 1
0.163533 1
1.134386 2
0.053012 37
2.479538 2
0.488140 445
0.030828 70
104.566622 1
0.168378 1
0.751137 1
0.335432 1
0.370841 1
0.206172 1
0.247483 1
0.354404 1
2.488195 1
0.189426 1
0.246267 1
1.067324 1
0.562113 1
0.265428 1
0.136558 1
13.902672 1
0.163751 1
0.156889 1
0.158173 1
0.151799 1
0.155137 1
0.154413 1
0.157370 1
0.162529 1
0.162027 1
0.165221 1
0.736064 23
0.439857 1
1.486358 25
24.475645 2
62.559723 1
0.191863 1
0.759103 1
0.377684 1
0.236127 1
0.621737 1
0.231189 1
1.363635 2
1.516900 70
13.784455 1
0.221205 1
0.427293 1
0.425804 1
0.363408 1
0.199172 1
3.760709 1
0.198999 1
0.516850 1
1.200099 1
0.752349 1
0.338595 1
0.282852 1
0.638357 1
0.589854 1
0.171415 1
0.153561 1
2.489857 2
0.001636 61
0.000183 70
13.648366 17
0.360315 1
0.513292 1
0.031183 1
0.047779 1
0.030988 1
0.060047 1
0.015149 1
0.031174 1
0.045317 1
0.030474 1
0.184082 1
0.256286 1
0.741350 29
0.188834 29
0.172421 27
0.223875 29
0.256556 29
0.713415 25
0.439642 25
0.602002 25
3.794634 2
0.000792 9
0.000220 70
26.313301 1
0.150506 1
1.107296 1
0.685684 1
1.912382 1
2.199503 1
1.096914 1
6.418933 4
0.216122 4
1.020312 1
0.400200 1
0.260084 1
0.653493 1
1.033864 1
0.705678 1
1.286850 1
0.532844 4
0.474979 1
1.951269 1
0.921119 1
0.968171 1
0.260605 1
0.725384 1
1.107132 1
17.005705 1
0.794461 1
0.346422 1
0.629399 1
0.529986 4
0.177566 1
0.192895 1
1.588164 1
0.242751 1
0.519737 1
0.329198 1
0.765428 1
0.719574 1
0.177298 1
0.160453 1
7.835191 2
41.994380 1
0.189221 1
0.596269 1
0.435987 1
0.295318 1
0.395787 1
0.394114 1
0.986137 2
1.939903 70
8.807373 31
0.461755 81
1.494009 60
1.529784 1
0.186058 1
0.210937 1
0.298898 1
4.402546 13
0.336570 13
0.335279 13
0.244281 13
0.396975 13
0.305793 13
0.731984 9
1.167082 9
0.281383 9
0.415182 9
0.148347 9
1.819011 2
0.001980 130
1.906180 16
0.373101 1
0.509417 1
0.031837 1
0.366951 71
0.812167 104
0.589560 1
0.503391 1
0.031518 1
0.047049 1
0.016304 1
0.046899 1
0.044719 1
0.030917 1
0.015110 1
0.047278 1
0.401169 1
0.735300 27
0.151722 27
0.197929 25
0.221885 27
0.411653 27
0.673597 23
0.337354 23
0.481869 23
0.696320 2
0.001142 9
0.000275 70
71.244783 1
0.414715 1
0.939893 1
0.234469 1
0.846108 1
0.204896 1
7.537856 4
0.232593 1
0.661127 1
0.969138 4
1.230164 1
0.113232 1
0.634000 1
1.553370 1
0.185626 1
0.314792 1
1.404404 4
0.208683 4
1.239433 1
0.277398 1
7.598152 1
1.073542 1
1.059124 1
0.225941 1
0.163858 1
1.224092 2
0.000419 117
1.907307 17
0.451475 1
0.501118 1
0.030510 1
0.030839 1
0.046959 1
0.031485 1
0.015280 1
0.030765 1
0.031782 1
0.045839 1
0.014114 1
0.032398 1
0.031940 1
0.282009 1
0.529983 31
0.893605 29
0.339934 31
0.397799 2
0.000478 49
0.000190 70
43.694638 1
0.892726 1
0.380627 1
0.268723 1
0.612388 10
0.005940 39
0.000678 63
6.027455 28
0.588356 55
17.070416 22
0.000939 73
0.000283 63
30.129763 20
0.493952 80
1.742814 2
0.035389 37
2.113547 2
0.275524 447
0.034693 70
1.193577 4
0.364773 24
0.695149 27
0.190293 7
31.884613 4
0.260920 24
0.234180 33
0.299000 27
0.243362 56
0.267674 74
1.704874 1
0.198049 1
0.323776 1
0.195499 1
0.515238 1
0.031815 1
0.031774 1
0.030242 1
0.031035 1
0.030635 1
0.030409 1
0.175745 1
0.480638 3
0.613833 27
1.073040 23
0.854922 3
0.181364 3
0.200560 3
0.183938 3
0.170535 3
0.195409 3
0.195495 3
0.391410 3
1.121163 1
0.428787 13
0.186395 13
0.154626 13
0.184460 13
0.162859 13
0.182581 13
0.847972 9
0.155528 9
1.233613 9
0.425317 9
0.323557 9
1.970739 13
0.360394 9
2.937104 9
0.217199 9
1.099297 9
0.704179 9
1.390517 2
0.000421 49
0.000546 70
5.348653 34
0.235860 68
2.944254 10
0.001623 39
0.000742 63
15.053782 36
0.001005 73
0.000300 63
3.847245 34
0.552497 84
0.481300 76
0.451621 80
1.127441 2
0.034846 37
1.551325 2
0.284945 447
0.032990 70
45.495628 4
0.886682 10
0.001349 39
0.000662 63
1.183741 28
0.215081 86
1.623445 1
0.531188 3
7.153487 1
0.872268 4
2.222571 1
1.846060 1
5.126022 1
0.462329 1
0.432123 5
0.531024 3
0.482964 5
9.356256 3
0.169752 3
0.619834 3
0.192702 3
0.240388 3
1.494845 3
0.148677 3
0.226783 3
2.209607 3
0.379439 3
1.630043 3
0.302690 3
0.801046 3
0.172659 3
0.259119 3
0.176551 3
1.136911 3
0.896499 3
0.169194 3
0.154363 3

